R^2: 0.9898160073597057
MSE: 2.0367985280588696
F-stat: 32.397771755495455
